52,35
35,4
33,1
33,3
35,1
35,3
28,1
28,3
0,273
0,270
10,233
10,111
10,15
10,129
10,71
10,311
10,207
10,235
10,2
10,3
11,21
11,7
11,23
11,15
11,27
9,7
9,1
48,4
48,3
48,2
9,5
9,2
48,1
48,0
47,3
47,2
9,3
47,1
47,0
46,3
46,2
8,9
8,4
8,7
8,13
8,16
46,1
46,0
45,5
45,4
45,3
45,2
45,1
45,0
44,4
44,3
44,2
44,1
44,0
42,5
42,4
42,3
42,2
42,1
42,0
39,5
39,4
39,3
39,2
39,1
39,0
37,5
37,4
37,3
37,2
37,1
25,3
25,1
20,3
20,2
20,1
19,2
19,3
19,1
12,3
12,2
12,1
11,29
11,28
11,22
11,20
11,17
11,16
11,14
11,12
11,11
11,9
11,8
11,6
11,5
11,4
11,3
11,2
11,1
10,310
10,300
10,297
10,244
