3,2
3,1
3,3
10,112
10,110
10,214
10,204
10,222
10,274
10,244
11,12
11,4
11,14
11,10
11,2
11,3
8,16
8,5
8,15
8,8
8,2
8,3
117,3
117,2
117,1
117,0
95,3
95,2
95,1
95,0
48,4
48,3
48,2
48,1
48,0
46,3
46,2
46,1
46,0
45,5
45,4
45,3
45,2
45,1
45,0
44,4
44,3
44,2
44,1
44,0
42,5
42,4
42,3
42,2
42,1
42,0
39,5
39,4
39,3
39,2
39,1
39,0
37,5
37,4
37,3
37,2
37,1
37,0
35,4
35,3
35,1
33,3
33,1
28,5
28,3
28,1
25,3
25,1
20,3
20,2
20,1
19,3
19,2
19,1
12,3
12,2
12,1
11,29
11,28
11,27
11,26
11,25
11,24
11,23
11,22
11,21
11,20
11,18
11,8
11,1
11,6
10,294
10,270
10,250
10,198
10,190
10,162
